
cv_scores =

   50.000   72.917   45.833
   27.083   56.250   66.667
   27.083   70.833   22.917
   58.333   45.833   27.083
   77.083   27.083   50.000
   43.750   35.417   45.833
   60.417   77.083   62.500
   27.083   56.250   66.667
   68.750   43.750   56.250
   47.917   70.833   68.750
   47.917   52.083   60.417
   64.583   75.000   62.500
   64.583   62.500   56.250
   52.083   52.083   66.667
   43.750   72.917   60.417
   50.000   79.167   64.583
   37.500   47.917   35.417
   70.833   27.083   72.917

scores =
[   56.250   50.000   40.278   43.750   51.389   41.667   66.667   50.000
   56.250   62.500   53.472   67.361   61.111   56.944   59.028   64.583
   40.278   56.944];

params = [
     50     30      4    100    160;
    200     30      4    100    160;
     50     40      4    100    160;
    200     40      4    100    160;
     50     50      4    100    160;
    200     50      4    100    160;
     50     30      4    500    160;
    200     30      4    500    160;
     50     40      4    500    160;
    200     40      4    500    160;
     50     50      4    500    160;
    200     50      4    500    160;
     50     30      4   1000    160;
    200     30      4   1000    160;
     50     40      4   1000    160;
    200     40      4   1000    160;
     50     50      4   1000    160;
    200     50      4   1000    160;
];

mean_score num_patches  patch_dim   color_bins  num_centers num_samples
==========================================================================
67.3610     200.0000     50.0000      4.0000    500.0000    160.0000    
66.6670      50.0000     30.0000      4.0000    500.0000    160.0000    
64.5830     200.0000     40.0000      4.0000   1000.0000    160.0000    
62.5000     200.0000     40.0000      4.0000    500.0000    160.0000    
61.1110      50.0000     30.0000      4.0000   1000.0000    160.0000    
59.0280      50.0000     40.0000      4.0000   1000.0000    160.0000    
56.9440     200.0000     50.0000      4.0000   1000.0000    160.0000    
56.9440     200.0000     30.0000      4.0000   1000.0000    160.0000    
56.2500      50.0000     40.0000      4.0000    500.0000    160.0000    
56.2500      50.0000     30.0000      4.0000    100.0000    160.0000    
53.4720      50.0000     50.0000      4.0000    500.0000    160.0000    
51.3890      50.0000     50.0000      4.0000    100.0000    160.0000    
50.0000     200.0000     30.0000      4.0000    500.0000    160.0000    
50.0000     200.0000     30.0000      4.0000    100.0000    160.0000    
43.7500     200.0000     40.0000      4.0000    100.0000    160.0000    
41.6670     200.0000     50.0000      4.0000    100.0000    160.0000    
40.2780      50.0000     50.0000      4.0000   1000.0000    160.0000    
40.2780      50.0000     40.0000      4.0000    100.0000    160.0000    
