# Created by Octave 3.8.1, Sun May 10 23:15:12 2015 CDT <tony@tony-M51AC>
# name: predictions
# type: matrix
# rows: 400
# columns: 8
 1 2 1 3 1 1 1 3
 1 2 1 1 1 1 1 1
 1 1 1 1 1 1 1 1
 3 2 1 3 1 3 1 3
 1 4 3 1 1 1 1 1
 1 2 1 3 1 1 3 1
 3 2 3 3 3 1 1 3
 1 2 1 3 1 1 1 1
 1 2 1 1 1 1 1 1
 1 2 1 3 1 1 3 1
 1 2 3 1 3 3 3 3
 1 2 1 3 3 1 1 1
 1 1 1 1 1 1 1 1
 3 2 3 3 3 1 1 3
 1 4 1 3 1 3 3 3
 2 2 2 2 1 4 1 4
 4 2 1 1 3 3 3 1
 1 2 1 1 1 3 1 1
 1 2 1 1 1 1 1 1
 1 1 1 1 1 1 1 1
 1 4 1 3 1 2 3 3
 1 2 3 1 3 1 3 1
 1 2 1 3 1 3 1 1
 1 2 1 3 1 2 1 1
 3 2 4 1 3 3 3 3
 1 2 1 1 1 1 1 1
 1 3 1 1 1 3 1 1
 1 2 1 1 1 1 3 1
 1 4 1 3 1 3 1 1
 1 2 3 3 2 2 2 4
 3 2 3 1 3 1 1 3
 1 2 1 1 1 3 1 3
 1 2 1 1 1 1 1 1
 1 2 3 4 3 1 3 3
 3 2 3 1 3 1 1 3
 1 1 1 3 1 1 1 1
 2 2 2 2 2 2 2 2
 1 2 1 1 1 1 1 1
 3 2 3 3 1 1 1 1
 1 2 1 1 1 3 1 1
 4 2 1 1 3 3 3 1
 1 2 1 1 1 1 1 1
 2 2 2 3 2 4 2 1
 3 2 1 1 1 3 1 1
 1 4 1 1 1 1 1 1
 1 1 1 1 1 1 1 1
 1 2 1 1 1 1 1 1
 1 2 1 1 1 1 1 1
 1 2 1 1 1 1 1 1
 1 2 1 3 3 2 3 3
 1 2 1 3 1 1 1 1
 1 1 1 1 1 1 1 1
 3 2 3 3 3 3 1 3
 3 2 3 3 3 3 3 3
 3 2 4 4 3 3 3 3
 1 1 1 1 1 1 1 1
 1 1 1 1 1 1 1 1
 3 2 3 1 3 3 3 3
 1 2 1 1 1 1 1 1
 3 2 1 3 3 3 3 3
 1 1 1 1 1 1 1 1
 1 2 1 1 1 1 1 1
 1 2 1 1 1 3 1 1
 1 2 1 1 1 1 1 1
 1 2 1 1 1 3 1 1
 1 4 1 1 1 1 1 1
 3 2 3 1 3 3 3 3
 1 2 1 1 1 1 1 1
 1 2 1 3 1 1 1 1
 1 2 3 3 3 3 3 3
 1 2 1 3 3 3 1 3
 1 2 3 3 3 3 3 3
 1 1 1 1 1 1 1 1
 3 2 1 3 3 1 1 3
 2 2 1 3 1 3 1 3
 1 2 1 1 1 1 1 1
 2 2 3 3 3 3 3 3
 3 2 4 3 3 3 3 3
 3 2 3 3 2 4 1 4
 2 2 3 3 3 4 1 4
 1 1 1 3 1 1 1 1
 1 3 1 3 1 4 1 1
 1 3 1 1 1 1 1 1
 1 2 1 1 1 1 1 3
 4 2 4 4 4 4 2 2
 3 2 3 1 3 1 3 3
 3 2 3 3 3 3 3 1
 1 2 1 1 1 1 1 1
 1 2 1 3 1 1 1 1
 1 2 1 3 3 1 1 1
 3 2 1 1 1 1 1 3
 1 1 1 1 1 1 1 1
 1 2 1 1 1 1 1 1
 1 1 1 1 1 1 1 1
 3 2 3 1 3 1 3 3
 1 1 1 3 1 1 1 1
 3 2 4 4 4 3 3 3
 1 4 1 1 1 1 1 1
 3 2 3 3 3 3 3 3
 1 2 1 1 1 1 1 1
 4 2 4 4 2 2 4 4
 2 2 2 2 2 2 2 2
 2 2 2 3 3 3 4 4
 2 2 4 4 2 2 4 4
 2 2 2 2 2 2 2 2
 2 2 2 2 2 2 2 2
 2 2 2 3 2 2 2 2
 2 2 2 2 2 2 2 2
 2 1 2 2 2 2 3 2
 2 2 2 2 2 2 2 2
 4 2 2 4 2 2 4 4
 4 2 2 2 2 2 2 4
 2 2 2 2 2 2 2 2
 2 2 3 3 3 3 2 4
 2 2 2 2 2 2 2 2
 2 2 2 2 2 2 2 2
 2 2 4 2 2 2 2 2
 2 2 2 2 2 2 2 2
 2 2 2 4 2 2 4 2
 4 2 2 2 2 2 2 2
 4 2 3 3 3 3 3 3
 2 2 2 2 2 2 2 2
 2 4 2 2 2 4 2 2
 4 2 2 2 2 2 2 2
 3 2 4 2 2 2 4 4
 2 2 4 4 2 4 4 4
 2 2 2 2 2 2 2 2
 3 2 4 2 2 2 4 2
 2 2 2 2 2 2 2 2
 2 2 2 2 4 2 2 4
 2 2 2 4 2 2 2 4
 2 2 2 2 2 2 2 2
 2 2 2 2 2 2 2 4
 3 2 4 3 3 4 2 4
 2 2 2 2 2 2 2 2
 2 2 2 2 2 2 2 2
 2 2 2 2 2 2 2 2
 4 2 2 2 4 4 2 2
 2 2 2 2 2 2 2 4
 2 2 2 2 2 2 2 2
 2 2 2 2 2 2 2 2
 2 2 2 2 2 2 2 2
 2 2 2 2 2 2 2 2
 2 2 2 2 2 2 2 2
 2 2 2 2 2 2 2 2
 4 2 4 2 2 2 2 2
 2 2 2 2 2 2 2 2
 2 2 2 2 2 2 2 2
 2 2 2 2 2 4 2 2
 2 2 2 2 2 2 2 2
 1 2 1 3 1 1 1 3
 2 2 2 2 2 2 2 2
 2 2 2 2 2 2 2 2
 2 2 2 2 2 2 2 2
 2 2 2 2 2 2 2 2
 2 2 2 2 2 2 2 2
 2 2 4 2 2 2 2 2
 2 2 2 2 2 2 2 2
 2 2 2 2 2 4 2 2
 2 2 2 4 2 2 2 2
 2 2 2 2 2 2 2 2
 2 2 2 2 2 2 2 2
 2 2 2 2 2 2 2 2
 2 2 4 2 2 2 2 2
 2 2 2 2 2 2 2 2
 2 2 2 2 3 2 2 2
 4 2 4 4 4 3 4 4
 4 2 2 2 2 2 2 2
 2 2 2 2 2 2 2 2
 2 2 2 2 2 2 2 2
 2 2 2 2 2 2 2 2
 2 2 2 2 2 2 2 2
 2 2 3 3 2 2 2 3
 3 2 3 1 3 3 3 3
 2 2 2 2 2 2 2 2
 2 2 2 4 2 2 2 2
 2 2 2 2 2 2 2 2
 2 2 2 2 2 2 2 4
 2 2 2 2 2 2 2 2
 2 2 2 2 2 2 2 4
 2 2 2 4 2 2 2 2
 2 2 2 2 2 2 4 4
 2 2 2 2 2 2 2 2
 4 2 2 2 2 2 2 2
 2 2 4 2 2 4 4 4
 4 2 2 2 2 2 2 2
 2 2 2 2 2 2 2 4
 2 2 2 2 2 2 2 4
 4 2 2 2 2 2 4 2
 2 2 2 2 2 2 2 2
 3 2 4 2 2 4 4 2
 2 2 2 2 2 2 2 2
 4 2 2 2 2 2 2 2
 2 2 2 2 2 2 2 2
 3 2 2 4 2 2 4 2
 2 2 2 2 2 2 2 2
 3 2 4 3 2 2 4 3
 2 2 2 2 2 2 2 2
 2 2 2 2 2 2 2 2
 2 2 2 2 2 2 2 2
 3 2 3 3 3 3 1 3
 3 2 3 3 3 3 1 3
 3 4 4 4 2 4 4 4
 3 1 3 3 3 1 3 3
 3 2 3 1 3 3 3 3
 3 2 3 3 3 3 1 3
 3 2 3 1 3 3 3 3
 2 4 4 3 2 3 2 2
 3 2 3 3 3 3 3 1
 1 2 3 3 3 3 3 3
 3 2 3 3 3 3 3 3
 3 2 3 3 3 3 3 3
 3 2 3 3 2 3 3 3
 3 2 3 1 3 1 3 3
 2 2 1 3 1 3 1 4
 3 2 1 1 3 3 1 1
 3 2 1 1 3 3 3 1
 3 2 3 1 3 3 3 3
 3 2 3 1 3 3 3 3
 3 2 3 1 3 3 3 3
 3 2 3 1 3 3 3 3
 1 1 1 1 1 3 1 1
 3 1 4 3 4 4 3 4
 1 2 1 1 1 1 1 1
 1 2 1 1 1 1 1 1
 3 1 1 1 3 3 3 3
 3 2 3 1 3 3 3 3
 3 2 3 1 3 3 3 3
 3 2 3 3 3 1 3 3
 4 2 3 1 3 3 3 3
 3 2 3 3 3 3 1 3
 2 2 2 3 2 3 2 2
 3 2 3 1 3 3 3 3
 3 2 3 3 3 3 3 3
 2 2 3 3 3 3 3 3
 1 2 3 3 1 3 1 3
 3 2 3 1 3 3 3 3
 3 2 3 1 3 3 3 3
 3 2 3 1 3 3 3 3
 3 2 3 3 3 3 3 3
 4 1 4 3 3 1 1 3
 3 2 3 3 2 3 1 3
 3 2 3 3 3 3 3 3
 3 2 3 3 3 3 3 3
 3 2 3 1 3 3 3 3
 3 2 3 1 3 3 3 3
 4 2 2 2 2 4 4 2
 3 2 4 3 2 4 4 4
 3 2 3 3 3 3 3 3
 3 2 1 3 3 3 1 3
 3 2 3 1 3 3 3 3
 2 2 3 3 3 2 2 3
 3 2 3 1 3 3 3 4
 3 2 3 3 3 4 3 3
 1 1 1 3 1 3 3 3
 3 2 4 1 3 3 3 3
 2 4 4 3 3 3 4 4
 3 2 1 3 1 3 1 1
 3 2 1 3 3 3 1 3
 3 2 3 1 3 3 3 3
 1 3 1 1 1 1 1 3
 3 2 3 3 3 3 3 3
 3 2 3 3 3 3 3 3
 3 2 3 3 1 3 1 3
 3 2 1 3 1 3 1 4
 3 2 3 3 3 3 3 3
 3 2 1 3 3 3 1 3
 1 4 1 3 1 1 1 1
 3 2 3 3 3 3 3 1
 3 2 3 1 3 3 3 3
 4 2 2 2 2 4 2 2
 4 2 2 3 2 3 3 3
 3 2 3 3 3 3 3 4
 1 2 1 1 1 1 1 1
 3 2 3 1 3 3 3 3
 4 4 4 2 3 3 4 3
 1 2 1 3 1 1 1 1
 3 2 3 3 3 3 3 3
 3 2 3 1 3 3 3 3
 4 4 2 2 2 2 2 2
 3 2 1 1 3 3 3 1
 3 2 3 1 3 3 3 3
 3 2 3 1 3 3 3 3
 3 2 3 3 3 3 3 3
 3 2 3 3 3 3 3 3
 2 2 3 3 3 3 3 3
 2 2 4 3 3 3 2 4
 3 2 3 3 3 3 3 3
 3 2 3 1 3 3 3 1
 3 2 1 3 3 2 1 3
 3 2 3 1 3 3 3 3
 1 2 1 3 1 1 3 1
 3 2 3 3 3 3 3 3
 3 2 3 3 2 3 1 3
 3 2 3 3 3 3 3 3
 2 2 2 3 3 3 2 4
 3 2 3 1 3 3 3 3
 1 2 2 4 2 4 4 2
 3 2 1 3 1 3 1 1
 3 2 3 3 3 1 3 3
 2 2 4 4 4 4 4 4
 3 2 4 1 3 3 3 3
 4 2 2 2 2 2 2 2
 2 2 2 2 2 2 2 2
 4 4 4 4 4 4 4 4
 4 2 4 4 4 4 4 4
 4 2 4 4 4 4 4 4
 2 2 4 2 2 2 2 4
 3 2 4 4 4 3 4 4
 4 2 2 4 2 4 2 4
 4 2 4 4 3 3 3 3
 4 2 2 2 2 2 2 2
 4 2 2 2 4 4 2 2
 4 2 4 2 4 2 4 2
 4 4 4 4 4 4 4 4
 4 2 4 4 4 4 4 4
 4 2 4 4 4 4 4 4
 4 2 4 4 4 4 4 4
 4 2 4 4 4 4 4 4
 4 1 3 4 4 4 4 4
 4 2 4 4 4 4 4 4
 4 2 4 4 4 4 4 4
 4 2 4 2 2 2 4 4
 3 2 3 4 3 3 3 1
 4 2 2 2 4 4 2 2
 4 2 4 2 4 4 2 4
 2 4 2 2 2 2 2 4
 4 2 4 4 4 4 4 4
 4 2 2 2 2 4 2 2
 2 4 4 4 2 2 4 4
 4 2 2 2 2 2 4 4
 4 2 4 1 3 4 3 4
 4 2 4 2 4 4 2 4
 4 2 4 2 4 4 4 4
 4 2 3 4 4 4 4 3
 2 2 2 2 2 2 2 2
 4 2 4 4 4 4 4 4
 4 2 2 2 2 2 2 2
 4 2 2 2 4 2 2 2
 4 2 4 4 4 4 4 4
 4 2 4 4 4 4 4 4
 4 2 4 4 4 2 4 4
 4 2 4 4 4 4 4 4
 4 2 4 4 2 4 4 4
 4 2 3 4 3 3 4 3
 2 4 2 4 2 2 3 2
 4 2 4 4 4 4 4 4
 4 2 4 4 4 4 4 4
 4 2 4 4 4 4 4 4
 4 2 4 4 4 2 4 4
 4 2 4 4 4 4 4 4
 4 2 2 2 2 2 2 2
 4 2 2 2 2 2 2 2
 4 2 4 4 4 4 2 4
 4 2 4 4 2 2 4 2
 2 2 4 2 2 4 2 4
 4 2 4 4 4 4 4 4
 4 2 4 4 2 4 4 4
 4 2 4 4 4 4 4 4
 4 2 4 4 4 4 4 4
 4 2 4 4 4 4 4 4
 4 2 4 4 4 4 4 4
 4 2 4 4 2 4 4 2
 4 2 4 4 4 4 4 4
 2 2 2 2 2 2 2 2
 4 2 4 4 2 4 4 4
 4 2 2 2 4 4 2 4
 4 2 4 4 4 4 4 4
 4 2 4 4 4 4 4 4
 4 2 4 4 4 4 4 4
 2 2 4 4 2 4 4 4
 4 2 4 4 4 4 4 4
 4 2 4 2 4 4 4 2
 2 2 2 2 2 2 2 2
 4 2 2 2 2 2 2 4
 2 2 2 2 2 2 4 2
 2 2 2 2 2 2 2 4
 4 2 4 4 4 4 4 4
 2 3 4 2 2 2 4 4
 4 2 4 4 4 4 4 4
 4 2 4 4 4 4 4 4
 4 2 4 4 4 4 4 4
 4 2 4 4 4 4 4 4
 4 2 4 4 4 4 4 4
 4 2 4 4 4 4 4 4
 1 4 1 3 1 1 1 3
 4 2 4 4 4 4 4 4
 3 2 3 3 3 3 3 3
 4 2 4 4 2 2 4 4
 4 2 2 4 2 4 4 4
 4 2 4 4 2 2 4 4
 3 2 3 1 2 4 3 3
 4 2 4 4 4 2 4 4
 4 1 4 2 2 2 4 4
 4 2 4 4 4 4 4 4
 4 2 4 4 2 2 4 4
 4 2 4 4 4 4 4 4
 4 2 4 4 4 4 4 4
 4 2 4 4 4 4 4 4
 4 1 4 2 2 4 3 4


